Debug Information

/===================>Head<===========================\
|| version: 96882965
|| date: 周一 11月 8 17:58:54 2021
|| ptr: 16
|| total size: 978
\====================================================/


/===================>Project<===========================\
|| type: project
|| sub-widget: 4
|| prop size: 88
|| project rotate: 0  [(0-0),(1-90),(2-180),(3-270)]
|| offset prop_len  t_ptr  t_size   crc       crc       crc
||   68      10a      15c      16      96df      258      5a0a
||   172      110      26e      14      a962      6b90      e81c
||   282      ae      322      e      fa3f      a36a      bc22
||   330      10a      424      16      5f1a      258      f805
\====================================================/


 02  01  00  00  00  FF  FF  FF  00  00  00  00  00  00  00  00 
10  27  00  00  10  27  00  00  1C  00  00  00  04  01  01  1C 
00  FF  FF  FF  23  A8  04  00  CC  00  00  00  02  FF  FF  FF 
F0  00  00  00  38  00  00  00  03  01  01  18  00  FF  FF  FF 
77  33  03  00  A4  00  00  00  C8  00  00  00  50  00  00  00 
08  00  01  24  00  FF  FF  FF  C8  29  08  00  74  00  00  00 
04  FF  00  00  00  00  FF  FF  98  00  00  00  00  00  00  00 
A0  00  00  00  01  00  00  FF  E4  16  00  00  99  0B  00  00 
43  0F  00  00  43  0F  00  00  E0  FF  00  64  FF  FF  FF  FF 
00  00  00  00  FF  FF  FF  64  01  00  01  00  00  00  FF  FF 
00  00  FF  FF  01  00  00  FF  00  00  00  00  00  00  00  00 
10  27  00  00  10  27  00  00  FF  FF  FF  64  FF  FF  FF  FF 
00  00  00  00  FF  FF  FF  64  00  00  FF  FF  01  00  00  FF 
00  00  00  00  00  00  00  00  10  27  00  00  10  27  00  00 
FF  FF  FF  64  FF  FF  FF  FF  00  00  00  00  FF  FF  FF  64 
00  00  FF  FF  5C  00  68  00  6C  00  70  00  44  00  48  00 
4C  00  28  00  30  00  34  00  18  00  02  01  00  00  00  FF 
FF  FF  00  00  00  00  00  00  00  00  10  27  00  00  10  27 
00  00  1C  00  00  00  04  01  01  1C  01  FF  FF  FF  B3  D5 
44  00  D4  00  00  00  02  FF  FF  FF  F8  00  00  00  38  00 
00  00  03  01  01  18  01  FF  FF  FF  B2  94  43  00  AC  00 
00  00  D0  00  00  00  50  00  00  00  0C  00  01  30  01  FF 
FF  FF  22  3C  4C  00  80  00  00  00  6E  6F  6E  65  00  00 
00  00  74  65  78  74  00  00  00  00  00  00  00  64  00  F8 
00  64  A4  00  00  00  A8  00  00  00  01  00  00  FF  00  00 
00  00  00  00  00  00  A2  07  00  00  A2  07  00  00  7D  34 
00  64  FF  FF  FF  FF  00  00  00  00  EF  57  00  64  00  00 
FF  FF  00  00  FF  FF  01  00  00  FF  00  00  00  00  00  00 
00  00  10  27  00  00  10  27  00  00  FF  FF  FF  64  FF  FF 
FF  FF  00  00  00  00  FF  FF  FF  64  00  00  FF  FF  01  00 
00  FF  00  00  00  00  00  00  00  00  10  27  00  00  10  27 
00  00  FF  FF  FF  64  FF  FF  FF  FF  00  00  00  00  FF  FF 
FF  64  00  00  FF  FF  5C  00  78  00  7C  00  44  00  48  00 
4C  00  28  00  30  00  34  00  18  00  02  01  00  00  00  FF 
FF  FF  00  00  00  00  00  00  00  00  10  27  00  00  10  27 
00  00  1C  00  00  00  04  01  01  1C  02  FF  FF  FF  64  95 
84  00  78  00  00  00  02  FF  FF  FF  9C  00  00  00  38  00 
00  00  03  00  01  18  02  FF  FF  FF  E9  A4  83  00  50  00 
00  00  74  00  00  00  50  00  00  00  01  00  00  FF  00  00 
00  00  00  00  00  00  85  1E  00  00  85  1E  00  00  72  DF 
00  64  FF  FF  FF  FF  00  00  00  00  FF  FF  FF  64  00  00 
FF  FF  01  00  00  FF  00  00  00  00  00  00  00  00  10  27 
00  00  10  27  00  00  7B  8F  00  64  FF  FF  FF  FF  00  00 
00  00  FF  FF  FF  64  00  00  FF  FF  44  00  48  00  4C  00 
28  00  30  00  34  00  18  00  02  01  00  00  00  FF  FF  FF 
00  00  00  00  00  00  00  00  10  27  00  00  10  27  00  00 
1C  00  00  00  04  01  01  1C  03  FF  FF  FF  10  BF  C4  00 
CC  00  00  00  02  FF  FF  FF  F0  00  00  00  38  00  00  00 
03  01  01  18  03  FF  FF  FF  97  C9  C3  00  A4  00  00  00 
C8  00  00  00  50  00  00  00  08  00  01  24  03  FF  FF  FF 
32  E2  C8  00  74  00  00  00  00  FF  00  00  00  00  FF  FF 
98  00  00  00  00  00  00  00  A0  00  00  00  01  00  00  FF 
46  04  00  00  3E  08  00  00  B0  1C  00  00  32  17  00  00 
68  D7  00  64  FF  FF  FF  FF  00  00  00  00  FF  FF  FF  64 
01  00  01  00  00  00  FF  FF  00  00  FF  FF  01  00  00  FF 
00  00  00  00  00  00  00  00  10  27  00  00  10  27  00  00 
72  DF  00  64  FF  FF  FF  FF  00  00  00  00  FF  FF  FF  64 
00  00  FF  FF  01  00  00  FF  00  00  00  00  00  00  00  00 
10  27  00  00  10  27  00  00  7B  8F  00  64  FF  FF  FF  FF 
00  00  00  00  FF  FF  FF  64  00  00  FF  FF  5C  00  68  00 
6C  00  70  00  44  00  48  00  4C  00  28  00  30  00  34  00 
18  00 
